40
1,11,19,23,27
2,5,13,18,20,36,40
3,7,14,17,25,33
4,8,13,15,20,37,38,40
5,2,7,8,11,24
6,10,13,20,34,40
7,3,5,16,21,29
8,4,5,17,30,32
9,11,17,31,33
10,6,15,17,20,34
11,1,5,9,37
12,18,22,34
13,2,4,6,36,40
14,3,19,35,37
15,4,10,30,38
16,7,19,24,29,39
17,3,8,9,10,21,24,37
18,2,12,22,28
19,1,14,16,39
20,2,4,6,10,34
21,7,17,25,39
22,12,18,25,26
23,1,26,30,32
24,5,16,17,35
25,3,21,22,35
26,22,23,38
27,1,31,39
28,18,29,30,34,37
29,7,16,28,31,33
30,8,15,23,28,36
31,9,27,29,37
32,8,23,34,36
33,3,9,29,39
34,6,10,12,20,28,32
35,14,24,25
36,2,13,30,32
37,4,11,14,17,28,31
38,4,15,26
39,16,19,21,27,33
40,2,4,6,13